200
0
78135
49977
63823
69303
78616
44852
71671
72566
60478
65995
60973
64765
66823
75752
69938
74959
65997
39927
75591
74732
73076
75605
76333
61186
79790
72300
67864
76660
56427
79031
76988
73471
66417
76235
53723
34363
54731
79404
76967
28858
77172
54031
74394
76459
59864
44939
78648
77226
69553
73503
77581
78204
60860
49624
76621
77018
74381
78748
68364
68436
72858
46136
64748
58837
72773
68355
56876
79135
74845
68377
79821
69904
79231
69426
75538
40505
53331
46550
77849
71272
67039
24812
61543
74686
77085
33281
74049
72574
60667
51698
73169
69077
74720
72708
67856
60106
77120
62280
69664
75364
79243
70897
75171
77723
73367
69602
79729
78558
51429
71159
74715
59486
37773
62840
64420
76575
76632
73668
67914
73737
79383
59415
74991
51109
60987
52916
65804
72938
53106
78242
67662
53726
72092
64779
78484
66950
56583
79736
66588
41642
54026
73067
42330
59787
73379
59618
76299
48510
68434
33654
76897
73835
74379
58944
79856
67266
75314
65638
78668
77409
67734
60066
46755
79919
66379
70712
77937
78954
55938
56193
69451
64002
74894
70616
78240
75552
70970
20931
68742
55961
78819
74333
75893
75036
59028
78566
72282
79184
60130
72320
74631
69633
76126
42769
52860
47923
75453
78192
76862
